0.619
0.8095833333333333
0.8813333333333333
0.9071666666666667
0.9240833333333334
0.932
0.939
0.9416666666666667
0.9436666666666667
0.9475833333333333
0.949
0.9504166666666667
0.9524166666666667
0.95325
0.95475
0.9561666666666667
0.9573333333333334
0.95775
0.95725
0.9568333333333333
0.9556666666666667
0.95625
0.9563333333333334
0.9563333333333334
0.9565
0.9565833333333333
0.9561666666666667
0.9559166666666666
0.9560833333333333
0.9569166666666666
0.9571666666666667
0.9574166666666667
0.9578333333333333
0.9581666666666667
0.9583333333333334
0.9585833333333333
0.9585
0.9575
0.9574166666666667
0.9574166666666667
0.9571666666666667
0.9571666666666667
0.9564166666666667
0.95575
0.9560833333333333
0.9555833333333333
0.9560833333333333
0.9556666666666667
0.95625
0.95625
0.9566666666666667
0.9569166666666666
0.95625
0.9556666666666667
0.9561666666666667
0.95575
0.9548333333333333
0.9549166666666666
0.95525
0.9549166666666666
0.9550833333333333
0.9550833333333333
0.95425
0.9540833333333333
0.95375
0.9543333333333334
0.95375
0.9528333333333333
0.9528333333333333
0.9523333333333334
0.9521666666666667
0.9519166666666666
0.9513333333333334
0.9516666666666667
0.9509166666666666
0.9511666666666667
0.9505
0.9499166666666666
0.9499166666666666
0.95025
0.9500833333333333
0.9499166666666666
0.94975
0.94975
0.9500833333333333
0.9496666666666667
0.9495833333333333
0.9496666666666667
0.9494166666666667
0.9491666666666667
0.9488333333333333
0.9484166666666667
0.94825
0.9483333333333334
0.9475833333333333
0.9475
0.9469166666666666
0.94675
0.9468333333333333
0.9465
0.946
0.9464166666666667
0.94625
0.9466666666666667
0.9463333333333334
0.9461666666666667
0.9459166666666666
0.946
0.9459166666666666
0.9458333333333333
0.9458333333333333
0.9455
0.9450833333333334
0.9449166666666666
0.9453333333333334
0.9453333333333334
0.94525
0.9448333333333333
0.9446666666666667
0.9445
0.9449166666666666
0.9451666666666667
0.9446666666666667
0.94475
0.9446666666666667
0.94475
0.94425
0.9443333333333334
0.9443333333333334
0.9444166666666667
0.94425
0.9439166666666666
0.9439166666666666
0.9440833333333334
0.9443333333333334
0.944
0.9435833333333333
0.9434166666666667
0.9435
0.94325
0.94325
0.9429166666666666
0.94275
0.9425833333333333
0.94275
0.94275
0.9426666666666667
0.94225
0.9423333333333334
0.9424166666666667
0.94225
0.9420833333333334
0.9418333333333333
0.9416666666666667
0.9415
0.9414166666666667
0.9411666666666667
0.9410833333333334
0.941
0.941
0.94075
0.9405833333333333
0.94025
0.94025
0.9404166666666667
0.9403333333333334
0.9401666666666667
0.94
0.9399166666666666
0.9395
0.9395
0.9393333333333334
0.9390833333333334
0.939
0.9391666666666667
0.9388333333333333
0.9389166666666666
0.9389166666666666
0.9388333333333333
0.9386666666666666
0.9384166666666667
0.9384166666666667
0.9384166666666667
0.9385
0.93825
0.9380833333333334
0.9379166666666666
0.9379166666666666
0.9380833333333334
0.93775
0.9373333333333334
0.9375
0.9374166666666667
0.9375
0.9375
0.9375833333333333
0.9376666666666666
0.93725
0.9370833333333334
0.9374166666666667
0.9370833333333334
0.9370833333333334
0.9369166666666666
0.9365833333333333
0.9364166666666667
0.93625
0.936
0.9358333333333333
0.936
0.9360833333333334
0.9358333333333333
0.9358333333333333
0.9355833333333333
0.9351666666666667
0.9350833333333334
0.93525
0.9351666666666667
0.9351666666666667
0.9351666666666667
0.9351666666666667
0.9346666666666666
0.9345833333333333
0.9345
0.9345833333333333
0.9345
0.9345
0.934
0.9339166666666666
0.93375
0.9339166666666666
0.9336666666666666
0.9335833333333333
0.9336666666666666
0.9336666666666666
0.9336666666666666
0.9336666666666666
0.93325
0.93325
0.9331666666666667
0.9330833333333334
0.933
0.9330833333333334
0.9329166666666666
0.9328333333333333
0.9328333333333333
0.9328333333333333
0.93275
0.93275
0.9326666666666666
0.9325833333333333
0.9325833333333333
0.9324166666666667
0.9320833333333334
0.9321666666666667
0.9320833333333334
0.93225
0.9320833333333334
0.9321666666666667
0.932
0.93175
0.9316666666666666
0.9315833333333333
0.9315
0.9315833333333333
0.93175
0.93175
0.9316666666666666
0.9313333333333333
0.9313333333333333
0.9311666666666667
0.9311666666666667
0.931
0.9309166666666666
0.9308333333333333
0.93075
0.9308333333333333
0.9303333333333333
0.93025
0.93025
0.9301666666666667
0.9299166666666666
0.93
0.9301666666666667
0.9299166666666666
0.9301666666666667
0.9300833333333334
0.92975
0.92975
0.92975
0.9296666666666666
0.9295833333333333
0.9293333333333333
0.9293333333333333
0.9293333333333333
0.92925
0.9290833333333334
0.9290833333333334
0.9290833333333334
0.9289166666666666
0.929
0.9289166666666666
0.9289166666666666
0.9288333333333333
0.9289166666666666
0.9288333333333333
0.9286666666666666
0.9289166666666666
0.9289166666666666
0.9286666666666666
0.9285833333333333
0.9285
0.9283333333333333
0.9283333333333333
0.9281666666666667
0.9280833333333334
0.928
0.928
0.9281666666666667
0.9280833333333334
0.9278333333333333
0.92775
0.9275833333333333
0.9275833333333333
0.9273333333333333
0.9271666666666667
0.92725
0.9270833333333334
0.9271666666666667
0.9270833333333334
0.9271666666666667
0.9269166666666667
0.9270833333333334
0.92675
0.9266666666666666
0.92675
0.9265
0.9264166666666667
0.9263333333333333
0.9263333333333333
0.92625
0.926
0.926
0.926
0.9260833333333334
0.926
0.9259166666666667
0.9258333333333333
0.9258333333333333
0.92575
0.9256666666666666
0.9255833333333333
0.9256666666666666
0.9255833333333333
0.9255833333333333
0.9255
0.92525
0.9251666666666667
0.92525
0.92475
0.9248333333333333
0.9248333333333333
0.9245833333333333
0.9246666666666666
0.9244166666666667
0.9244166666666667
0.9245
0.9244166666666667
0.9243333333333333
0.924
0.9239166666666667
0.9239166666666667
0.9238333333333333
0.9239166666666667
0.9239166666666667
0.9240833333333334
0.924
0.9239166666666667
0.9234166666666667
0.9233333333333333
0.9233333333333333
0.9233333333333333
0.92325
0.9233333333333333
0.9231666666666667
0.9230833333333334
0.9230833333333334
0.9230833333333334
0.9229166666666667
0.9229166666666667
0.9229166666666667
0.9228333333333333
0.92275
0.9228333333333333
0.9228333333333333
0.92275
0.9228333333333333
0.92275
0.9226666666666666
0.9224166666666667
0.9225
0.9223333333333333
0.92225
0.9223333333333333
0.92225
0.9223333333333333
0.92225
0.9221666666666667
0.922
0.9219166666666667
0.9219166666666667
0.92175
0.92175
0.92175
0.92175
0.9216666666666666
0.9216666666666666
0.9213333333333333
0.9214166666666667
0.9211666666666667
0.9210833333333334
0.9210833333333334
0.9210833333333334
0.9211666666666667
0.9211666666666667
0.9211666666666667
0.9210833333333334
0.921
0.921
0.9210833333333334
0.921
0.9209166666666667
0.9208333333333333
0.9208333333333333
0.92075
0.92075
0.92075
0.92075
0.9206666666666666
0.9205833333333333
0.9205833333333333
0.9205833333333333
0.9205833333333333
0.9205833333333333
0.9205
0.9204166666666667
0.9205
0.9205
0.9204166666666667
0.9205
0.9205
0.9205833333333333
0.9205833333333333
0.9205
0.9205
0.9205
0.9203333333333333
0.92025
0.9201666666666667
0.9201666666666667
0.9201666666666667
0.9201666666666667
0.9200833333333334
0.9200833333333334
0.9200833333333334
0.92
0.92
0.9199166666666667
0.9198333333333333
0.9198333333333333
0.91975
0.91975
0.91975
0.9198333333333333
0.9198333333333333
0.9198333333333333
0.91975
0.9198333333333333
0.9198333333333333
0.9198333333333333
0.9198333333333333
0.9196666666666666
0.9195
0.9193333333333333
0.91925
0.91925
0.9191666666666667
0.919
0.919
0.919
0.919
0.9189166666666667
0.9189166666666667
0.9189166666666667
0.9189166666666667
0.9189166666666667
0.9188333333333333
0.9189166666666667
0.9188333333333333
0.9188333333333333
0.91875
0.9188333333333333
0.9188333333333333
0.9188333333333333
0.91875
0.9186666666666666
0.91875
0.91875
0.9186666666666666
0.9185833333333333
0.9185
0.9185833333333333
0.9185833333333333
0.9186666666666666
0.9185833333333333
0.9186666666666666
0.9185833333333333
0.9185
0.9185833333333333
0.9185833333333333
0.9185833333333333
0.9185
0.9185
0.9185
0.9185
0.9185
0.9184166666666667
0.9183333333333333
0.9183333333333333
0.9183333333333333
0.9183333333333333
0.9183333333333333
0.91825
0.91825
0.9180833333333334
0.9180833333333334
0.9180833333333334
0.9180833333333334
0.9181666666666667
0.9180833333333334
0.9179166666666667
0.918
0.9180833333333334
0.918
0.918
0.918
0.9179166666666667
0.918
0.918
0.918
0.918
0.918
0.918
0.9180833333333334
0.918
0.9179166666666667
0.9179166666666667
0.9179166666666667
0.9179166666666667
0.91775
0.91775
0.9176666666666666
0.91775
0.9176666666666666
0.9175
0.9174166666666667
0.9174166666666667
0.9175
0.9174166666666667
0.9174166666666667
0.9174166666666667
0.9175833333333333
0.9175833333333333
0.9175833333333333
0.9175
0.9174166666666667
0.9175
0.9175833333333333
0.9175
0.9175
0.9175
0.91725
0.91725
0.9173333333333333
0.9174166666666667
0.91725
0.91725
0.91725
0.9171666666666667
0.9170833333333334
0.9170833333333334
0.9171666666666667
0.9170833333333334
0.9170833333333334
0.9170833333333334
0.9170833333333334
0.9168333333333333
0.9168333333333333
0.9168333333333333
0.9168333333333333
0.9168333333333333
0.9168333333333333
0.9168333333333333
0.9168333333333333
0.9168333333333333
0.9168333333333333
0.9168333333333333
0.9168333333333333
0.9168333333333333
0.9168333333333333
0.9168333333333333
0.91675
0.9166666666666666
0.9165833333333333
0.9165833333333333
0.9165833333333333
0.9165833333333333
0.9165833333333333
0.9166666666666666
0.9165833333333333
0.9165833333333333
0.9165833333333333
0.9165833333333333
0.9166666666666666
0.9166666666666666
0.9166666666666666
0.9166666666666666
0.9165833333333333
0.9165833333333333
0.9165833333333333
0.9165833333333333
0.9165
0.9165
0.9165
0.9165
0.9165833333333333
0.9165
0.9165
0.9165
0.9165
0.9165
0.9165
0.9165
0.9165
0.9165
0.9165
0.9165
0.9165
0.9165
0.9165
0.9164166666666667
0.9164166666666667
0.9163333333333333
0.9163333333333333
0.9163333333333333
0.9163333333333333
0.9163333333333333
0.9163333333333333
0.9163333333333333
0.9163333333333333
0.9163333333333333
0.9163333333333333
0.9163333333333333
0.9163333333333333
0.9163333333333333
0.9163333333333333
0.9163333333333333
0.9163333333333333
0.91625
0.9164166666666667
0.9163333333333333
0.9163333333333333
0.9163333333333333
0.9160833333333334
0.9160833333333334
0.9160833333333334
0.9160833333333334
0.9160833333333334
0.9160833333333334
0.9160833333333334
0.9160833333333334
0.9160833333333334
0.916
0.916
0.9158333333333334
0.9159166666666667
0.916
0.916
0.9159166666666667
0.91575
0.9158333333333334
0.91575
0.91575
0.91575
0.91575
0.9156666666666666
0.9156666666666666
0.9156666666666666
0.9156666666666666
0.9156666666666666
0.9156666666666666
0.9156666666666666
0.9156666666666666
0.9155833333333333
0.9155
0.9155
0.9155
0.9155
0.9155
0.9155
0.9155
0.9155
0.9155
0.9155833333333333
0.9155833333333333
0.9155833333333333
0.9155833333333333
0.9155833333333333
0.9154166666666667
0.9155
0.9154166666666667
0.9154166666666667
0.9153333333333333
0.9153333333333333
0.9153333333333333
0.9153333333333333
0.9154166666666667
0.9153333333333333
0.9153333333333333
0.9153333333333333
0.9151666666666667
0.91525
0.9153333333333333
0.9153333333333333
0.9155
0.9153333333333333
0.9153333333333333
0.91525
0.91525
0.91525
0.91525
0.91525
0.91525
0.91525
0.9151666666666667
0.9151666666666667
0.9151666666666667
0.9151666666666667
0.9150833333333334
0.9150833333333334
0.9150833333333334
0.9150833333333334
0.9150833333333334
0.915
0.915
0.915
0.915
0.915
0.9149166666666667
0.9149166666666667
0.9149166666666667
0.9148333333333334
0.91475
0.91475
0.91475
0.91475
0.91475
0.9148333333333334
0.9148333333333334
0.9148333333333334
0.9149166666666667
0.9149166666666667
0.9148333333333334
0.9148333333333334
0.91475
0.9148333333333334
0.9148333333333334
0.91475
0.9146666666666666
0.9145833333333333
0.9145833333333333
0.9145
0.9145
0.9145
0.9145
0.9145
0.9145
0.9145
0.9145
0.9145
0.9145
0.9145
0.9145
0.9145
0.9145
0.9145
0.9145
0.9145
0.9145
0.9145
0.9145
0.9145
0.9145
0.9145
0.9145
0.9145
0.9145
0.9144166666666667
0.9144166666666667
0.9144166666666667
0.9144166666666667
0.9144166666666667
0.9144166666666667
0.9144166666666667
0.9144166666666667
0.9144166666666667
0.9144166666666667
0.9144166666666667
0.9144166666666667
0.9144166666666667
0.9144166666666667
0.9144166666666667
0.9144166666666667
0.9143333333333333
0.9143333333333333
0.9143333333333333
0.9143333333333333
0.9143333333333333
0.9143333333333333
0.9143333333333333
0.9141666666666667
0.9140833333333334
0.9140833333333334
0.914
0.914
0.914
0.914
0.914
0.914
0.914
0.914
0.9140833333333334
0.914
0.9140833333333334
0.9141666666666667
0.9141666666666667
0.9140833333333334
0.9140833333333334
0.914
0.914
0.914
0.914
0.914
0.9140833333333334
0.9140833333333334
0.9140833333333334
0.9140833333333334
0.9140833333333334
0.9140833333333334
0.9140833333333334
0.9140833333333334
0.9140833333333334
0.9140833333333334
0.9140833333333334
0.9140833333333334
0.9140833333333334
0.9140833333333334
0.9139166666666667
0.9139166666666667
0.914
0.9139166666666667
0.9139166666666667
0.9139166666666667
0.9139166666666667
0.9139166666666667
0.914
0.914
0.914
0.9139166666666667
0.9139166666666667
0.9139166666666667
0.9139166666666667
0.9139166666666667
0.9139166666666667
0.9139166666666667
0.9139166666666667
0.9139166666666667
0.9139166666666667
0.9139166666666667
0.9139166666666667
0.9139166666666667
0.9139166666666667
0.9139166666666667
0.9138333333333334
0.9138333333333334
0.9138333333333334
0.9138333333333334
0.9139166666666667
0.9138333333333334
0.9139166666666667
0.9138333333333334
0.9138333333333334
0.9138333333333334
0.9138333333333334
0.9138333333333334
0.9138333333333334
0.9138333333333334
0.9138333333333334
0.9138333333333334
0.9138333333333334
0.9138333333333334
0.9138333333333334
0.9138333333333334
0.9138333333333334
0.9138333333333334
0.9138333333333334
0.9138333333333334
0.9138333333333334
0.9138333333333334
0.9138333333333334
0.9138333333333334
0.9138333333333334
0.9138333333333334
0.9138333333333334
0.9138333333333334
0.9138333333333334
0.9138333333333334
0.9138333333333334
0.9138333333333334
0.9138333333333334
0.9138333333333334
0.9138333333333334
0.9138333333333334
0.9138333333333334
0.9138333333333334
0.9138333333333334
0.9138333333333334
0.9138333333333334
0.9138333333333334
0.9138333333333334
0.9138333333333334
0.9138333333333334
0.9138333333333334
0.9138333333333334
0.9138333333333334
0.9138333333333334
0.9138333333333334
0.9139166666666667
0.9139166666666667
0.9139166666666667
0.9139166666666667
0.91375
0.91375
0.91375
0.91375
0.91375
0.9136666666666666
0.9136666666666666
0.91375
0.91375
0.91375
0.91375
0.91375
0.9138333333333334
0.9138333333333334
0.9138333333333334
0.9138333333333334
0.9138333333333334
0.9138333333333334
0.9138333333333334
0.9138333333333334
0.9138333333333334
0.9138333333333334
0.9138333333333334
0.9138333333333334
0.9138333333333334
0.9138333333333334
0.9138333333333334
0.9138333333333334
0.9138333333333334
0.9138333333333334
0.91375
0.91375
0.91375
0.91375
0.91375
0.91375
0.91375
0.91375
0.91375
0.9136666666666666
0.9136666666666666
0.9136666666666666
0.9136666666666666
0.9136666666666666
0.9136666666666666
0.9136666666666666
0.9136666666666666
0.9136666666666666
0.9136666666666666
0.9136666666666666
0.9136666666666666
0.9136666666666666
0.9136666666666666
0.9136666666666666
0.9136666666666666
0.9136666666666666
0.9136666666666666
0.9136666666666666
0.9136666666666666
0.9135833333333333
0.9135833333333333
0.9135833333333333
0.9135833333333333
0.9135833333333333
0.9135833333333333
0.9135833333333333
0.9135833333333333
0.9135833333333333
0.9135833333333333
0.9135833333333333
0.9135833333333333
0.9135833333333333
0.9135833333333333
0.9135833333333333
