0.5751666666666667
0.6115
0.6411666666666667
0.6714166666666667
0.6940833333333334
0.7095833333333333
0.7219166666666667
0.7370833333333333
0.74875
0.7586666666666667
0.7560833333333333
0.75675
0.7633333333333333
0.7711666666666667
0.7715
0.7721666666666667
0.7758333333333334
0.77575
0.7703333333333333
0.7731666666666667
0.77825
0.7834166666666667
0.78075
0.7835
0.7764166666666666
0.778
0.7781666666666667
0.7796666666666666
0.7790833333333333
0.7813333333333333
0.7760833333333333
0.78025
0.7725833333333333
0.77025
0.771
0.7703333333333333
0.7664166666666666
0.7671666666666667
0.7683333333333333
0.76425
0.7651666666666667
0.76275
0.7618333333333334
0.7629166666666667
0.7596666666666667
0.76225
0.7629166666666667
0.7610833333333333
0.75725
0.7581666666666667
0.7573333333333333
0.7570833333333333
0.7560833333333333
0.7551666666666667
0.754
0.75475
0.7520833333333333
0.7499166666666667
0.7480833333333333
0.7481666666666666
0.7475833333333334
0.7484166666666666
0.7510833333333333
0.7515
0.7525833333333334
0.7504166666666666
0.7501666666666666
0.7473333333333333
0.7479166666666667
0.7464166666666666
0.74475
0.7430833333333333
0.7439166666666667
0.7430833333333333
0.7420833333333333
0.7410833333333333
0.74125
0.7408333333333333
0.7394166666666667
0.7404166666666666
0.7381666666666666
0.73775
0.7351666666666666
0.7340833333333333
0.738
0.7370833333333333
0.7359166666666667
0.7355833333333334
0.7335
0.7349166666666667
0.73625
0.7365833333333334
0.7370833333333333
0.73525
0.7333333333333333
0.7300833333333333
0.7315833333333334
0.733
0.73175
0.7309166666666667
0.7293333333333333
0.7316666666666667
0.729
0.7291666666666666
0.73025
0.7308333333333333
0.7305833333333334
0.73
0.7279166666666667
0.7275
0.7244166666666667
0.7256666666666667
0.7240833333333333
0.7240833333333333
0.725
0.72425
0.7236666666666667
0.7245833333333334
0.7225833333333334
0.72225
0.7235
0.72225
0.7234166666666667
0.7220833333333333
0.7209166666666667
0.7203333333333334
0.7189166666666666
0.72225
0.7204166666666667
0.7203333333333334
0.7199166666666666
0.7219166666666667
0.72025
0.71825
0.71725
0.7176666666666667
0.7161666666666666
0.7171666666666666
0.71625
0.7168333333333333
0.71625
0.71575
0.7168333333333333
0.7160833333333333
0.7155
0.7145833333333333
0.7158333333333333
0.7161666666666666
0.7175
0.71675
0.7173333333333334
0.7160833333333333
0.71675
0.7161666666666666
0.714
0.7133333333333334
0.7150833333333333
0.7139166666666666
0.7146666666666667
0.7135833333333333
0.7135
0.7121666666666666
0.71225
0.7113333333333334
0.7108333333333333
0.7098333333333333
0.70975
0.711
0.7103333333333334
0.7105833333333333
0.7099166666666666
0.7126666666666667
0.7124166666666667
0.7125
0.713
0.7118333333333333
0.7123333333333334
0.7115833333333333
0.711
0.7103333333333334
0.7108333333333333
0.70725
0.7068333333333333
0.7071666666666667
0.7078333333333333
0.70575
0.70625
0.7070833333333333
0.7059166666666666
0.7071666666666667
0.7068333333333333
0.7049166666666666
0.7056666666666667
0.70625
0.7044166666666667
0.7054166666666667
0.7060833333333333
0.7055833333333333
0.7056666666666667
0.7039166666666666
0.7033333333333334
0.7044166666666667
0.7038333333333333
0.7043333333333334
0.70375
0.703
0.7033333333333334
0.7024166666666667
0.70175
0.7010833333333333
0.7015
0.70075
0.7023333333333334
0.7025833333333333
0.70075
0.6996666666666667
0.69925
0.7001666666666667
0.70025
0.7005833333333333
0.7015833333333333
0.7013333333333334
0.701
0.70025
0.7018333333333333
0.7
0.6998333333333333
0.7006666666666667
0.7005833333333333
0.7006666666666667
0.7003333333333334
0.7005
0.6994166666666667
0.7003333333333334
0.6995
0.6981666666666667
0.6995833333333333
0.7004166666666667
0.701
0.7008333333333333
0.7005833333333333
0.7001666666666667
0.699
0.6995
0.6996666666666667
0.69875
0.6985
0.6985833333333333
0.6976666666666667
0.69875
0.699
0.6991666666666667
0.6985833333333333
0.7
0.69875
0.6993333333333334
0.6985
0.6986666666666667
0.6975833333333333
0.69925
0.6988333333333333
0.6986666666666667
0.6984166666666667
0.69825
0.6978333333333333
0.69825
0.6980833333333333
0.6979166666666666
0.6976666666666667
0.6980833333333333
0.6968333333333333
0.6976666666666667
0.6976666666666667
0.6970833333333334
0.69675
0.6960833333333334
0.6968333333333333
0.698
0.6963333333333334
0.6961666666666667
0.6966666666666667
0.6955833333333333
0.6968333333333333
0.6956666666666667
0.69575
0.6960833333333334
0.69625
0.6956666666666667
0.6964166666666667
0.6970833333333334
0.6970833333333334
0.6969166666666666
0.6958333333333333
0.69525
0.6951666666666667
0.69675
0.6950833333333334
0.69575
0.6958333333333333
0.6965
0.6955
0.6956666666666667
0.6953333333333334
0.696
0.696
0.69625
0.6970833333333334
0.6986666666666667
0.6991666666666667
0.69825
0.6980833333333333
0.697
0.6975833333333333
0.69825
0.6979166666666666
0.698
0.6983333333333334
0.6985833333333333
0.7003333333333334
0.6995833333333333
0.6986666666666667
0.699
0.6979166666666666
0.6973333333333334
0.69875
0.6991666666666667
0.699
0.6980833333333333
0.6990833333333333
0.6988333333333333
0.6990833333333333
0.69925
0.6991666666666667
0.69825
0.6983333333333334
0.69925
0.6996666666666667
0.6988333333333333
0.6985
0.698
0.6984166666666667
0.6988333333333333
0.6986666666666667
0.6983333333333334
0.6981666666666667
0.6985833333333333
0.6995
0.6988333333333333
0.7
0.6998333333333333
0.6995833333333333
0.7005
0.7013333333333334
0.7018333333333333
0.7020833333333333
0.70225
0.70125
0.7009166666666666
0.7015
0.70125
0.7006666666666667
0.7008333333333333
0.70175
0.7011666666666667
0.6995833333333333
0.7004166666666667
0.7006666666666667
0.701
0.7005833333333333
0.70075
0.7016666666666667
0.7013333333333334
0.7011666666666667
0.7005833333333333
0.7009166666666666
0.7009166666666666
0.701
0.70025
0.6999166666666666
0.7001666666666667
0.69975
0.6994166666666667
0.6988333333333333
0.6998333333333333
0.69925
0.6993333333333334
0.6995
0.6986666666666667
0.6995833333333333
0.6990833333333333
0.69925
0.6995
0.6998333333333333
0.7018333333333333
0.7005833333333333
0.7004166666666667
0.7005
0.69975
0.7003333333333334
0.7014166666666667
0.7013333333333334
0.7001666666666667
0.7009166666666666
0.7014166666666667
0.7011666666666667
0.7009166666666666
0.70125
0.7013333333333334
0.7009166666666666
0.7
0.6995833333333333
0.69925
0.6995833333333333
0.69925
0.6995833333333333
0.7005833333333333
0.701
0.7011666666666667
0.7014166666666667
0.7005833333333333
0.7005
0.7018333333333333
0.7030833333333333
0.70175
0.7011666666666667
0.70125
0.70125
0.7010833333333333
0.7005833333333333
0.7015833333333333
0.7015
0.7011666666666667
0.7009166666666666
0.7005833333333333
0.7001666666666667
0.7000833333333333
0.7005833333333333
0.70025
0.6998333333333333
0.69975
0.6995833333333333
0.6998333333333333
0.7014166666666667
0.7004166666666667
0.7013333333333334
0.7011666666666667
0.70125
0.7015833333333333
0.7000833333333333
0.7011666666666667
0.7010833333333333
0.7019166666666666
0.7010833333333333
0.7008333333333333
0.7006666666666667
0.7013333333333334
0.7011666666666667
0.6999166666666666
0.7006666666666667
0.7018333333333333
0.7019166666666666
0.7015833333333333
0.7011666666666667
0.7001666666666667
0.7015833333333333
0.7014166666666667
0.7005
0.7011666666666667
0.7010833333333333
0.70075
0.7000833333333333
0.70025
0.7005833333333333
0.7009166666666666
0.7001666666666667
0.7001666666666667
0.7006666666666667
0.7009166666666666
0.7014166666666667
0.70175
0.7010833333333333
0.7018333333333333
0.7009166666666666
0.7015833333333333
0.7009166666666666
0.7005833333333333
0.70075
0.7006666666666667
0.7003333333333334
0.7008333333333333
0.7004166666666667
0.7008333333333333
0.7009166666666666
0.7015833333333333
0.7021666666666667
0.7014166666666667
0.7008333333333333
0.701
0.7014166666666667
0.7003333333333334
0.7009166666666666
0.70075
0.701
0.7009166666666666
0.7004166666666667
0.69975
0.7003333333333334
0.6994166666666667
0.6985833333333333
0.6995833333333333
0.69925
0.7000833333333333
0.70025
0.69975
0.6995833333333333
0.7
0.7000833333333333
0.70075
0.7006666666666667
0.7015
0.7015833333333333
0.7020833333333333
0.7014166666666667
0.7010833333333333
0.7003333333333334
0.70025
0.7000833333333333
0.7003333333333334
0.7
0.69925
0.6983333333333334
0.6986666666666667
0.6998333333333333
0.699
0.7
0.6990833333333333
0.6994166666666667
0.6995
0.6999166666666666
0.6995
0.7005
0.701
0.7008333333333333
0.7014166666666667
0.702
0.7009166666666666
0.702
0.7028333333333333
0.7031666666666667
0.7026666666666667
0.7025
0.7014166666666667
0.702
0.70125
0.7014166666666667
0.7014166666666667
0.7014166666666667
0.70125
0.7013333333333334
0.6998333333333333
0.7015
0.7015
0.7011666666666667
0.7005833333333333
0.701
0.7011666666666667
0.70125
0.70075
0.7013333333333334
0.7019166666666666
0.702
0.70275
0.702
0.70325
0.7026666666666667
0.7028333333333333
0.7025
0.7021666666666667
0.7025833333333333
0.70275
0.7025833333333333
0.70175
0.7025
0.7018333333333333
0.7015
0.7024166666666667
0.7030833333333333
0.7029166666666666
0.7048333333333333
0.7045833333333333
0.7036666666666667
0.7040833333333333
0.7044166666666667
0.7044166666666667
0.7046666666666667
0.70475
0.70425
0.704
0.7045833333333333
0.70475
0.70375
0.704
0.7050833333333333
0.704
0.7046666666666667
0.7055833333333333
0.7055
0.7055833333333333
0.7051666666666667
0.7045833333333333
0.7065833333333333
0.70675
0.7070833333333333
0.70675
0.707
0.7065833333333333
0.7071666666666667
0.7078333333333333
0.7074166666666667
0.7079166666666666
0.70675
0.7065833333333333
0.70675
0.7065
0.7073333333333334
0.7074166666666667
0.7074166666666667
0.70725
0.7076666666666667
0.7079166666666666
0.708
0.7081666666666667
0.7093333333333334
0.7086666666666667
0.709
0.7086666666666667
0.7085
0.7075
0.7086666666666667
0.71025
0.7095833333333333
0.7099166666666666
0.7100833333333333
0.70975
0.7104166666666667
0.7109166666666666
0.7108333333333333
0.71125
0.71125
0.71175
0.7110833333333333
0.7095833333333333
0.71125
0.7106666666666667
0.7103333333333334
0.7111666666666666
0.7105
0.7110833333333333
0.7106666666666667
0.7115833333333333
0.7120833333333333
0.71225
0.7125833333333333
0.7126666666666667
0.7131666666666666
0.7126666666666667
0.7136666666666667
0.7128333333333333
0.7125833333333333
0.7123333333333334
0.7131666666666666
0.7131666666666666
0.7129166666666666
0.7139166666666666
0.7131666666666666
0.7135833333333333
0.7145
0.7154166666666667
0.7146666666666667
0.7145833333333333
0.7138333333333333
0.71375
0.714
0.7135
0.71425
0.7153333333333334
0.71575
0.7155
0.7155
0.7161666666666666
0.7170833333333333
0.7175833333333334
0.7161666666666666
0.7159166666666666
0.7169166666666666
0.717
0.7170833333333333
0.7169166666666666
0.7175
0.7178333333333333
0.7175833333333334
0.7174166666666667
0.7178333333333333
0.7171666666666666
0.7176666666666667
0.7200833333333333
0.71875
0.7189166666666666
0.7189166666666666
0.7184166666666667
0.7175
0.7185
0.7181666666666666
0.7185
0.71925
0.7186666666666667
0.7186666666666667
0.7195
0.7199166666666666
0.72125
0.7216666666666667
0.72025
0.7205833333333334
0.7209166666666667
0.7224166666666667
0.72225
0.7221666666666666
0.7211666666666666
0.72275
0.7224166666666667
0.7231666666666666
0.7240833333333333
0.7253333333333334
0.7253333333333334
0.7255
0.72575
0.7254166666666667
0.7265
0.7268333333333333
0.7273333333333334
0.72825
0.728
0.72775
0.72775
0.7285833333333334
0.72875
0.7291666666666666
0.72925
0.7294166666666667
0.7298333333333333
0.7305
0.7298333333333333
0.7306666666666667
0.7324166666666667
0.7306666666666667
0.7315
0.7306666666666667
0.7309166666666667
0.7308333333333333
0.73125
0.7309166666666667
0.7316666666666667
0.7316666666666667
0.732
0.7325833333333334
0.7325
0.7326666666666667
0.73275
0.73275
0.733
0.7329166666666667
0.73275
0.7334166666666667
0.7341666666666666
0.7354166666666667
0.7359166666666667
0.7355833333333334
0.7355833333333334
0.737
0.7359166666666667
0.7366666666666667
0.7368333333333333
0.7370833333333333
0.7376666666666667
0.7369166666666667
0.73625
0.7371666666666666
0.7373333333333333
0.73725
0.7378333333333333
0.7389166666666667
0.7393333333333333
0.7390833333333333
0.7396666666666667
0.74
0.7416666666666667
0.7413333333333333
0.7420833333333333
0.7420833333333333
0.7416666666666667
0.7415
0.741
0.7429166666666667
0.7421666666666666
0.74325
0.7439166666666667
0.7435
0.7446666666666667
0.7433333333333333
0.7426666666666667
0.7445
0.7448333333333333
0.7449166666666667
0.7449166666666667
0.7463333333333333
0.74675
0.7470833333333333
0.7468333333333333
0.7466666666666667
0.7479166666666667
0.7479166666666667
0.7481666666666666
0.74775
0.74875
0.7494166666666666
0.7494166666666666
0.7505
0.75075
0.7495833333333334
0.7498333333333334
0.75125
0.7519166666666667
0.7521666666666667
0.75275
0.75375
0.7549166666666667
0.7559166666666667
0.7553333333333333
0.757
0.7563333333333333
0.756
0.7559166666666667
0.7564166666666666
0.7581666666666667
0.7584166666666666
0.7588333333333334
0.7604166666666666
0.76125
0.7618333333333334
0.76325
0.7644166666666666
0.7645833333333333
0.7640833333333333
0.7639166666666667
0.76525
0.7649166666666667
0.7649166666666667
0.7665833333333333
0.7659166666666667
0.7655
0.7666666666666667
0.76625
0.7679166666666667
0.7688333333333334
0.7693333333333333
0.7693333333333333
0.7705833333333333
0.7709166666666667
0.7706666666666667
0.77225
0.7731666666666667
0.7735833333333333
0.7734166666666666
0.7735833333333333
0.7741666666666667
0.7750833333333333
0.7765
0.7775
0.7779166666666667
0.7791666666666667
0.7778333333333334
0.7791666666666667
0.779
0.7795833333333333
0.779
0.7785
0.77825
0.7788333333333334
0.7819166666666667
0.78225
0.7836666666666666
0.7856666666666666
0.7853333333333333
0.7858333333333334
0.78625
0.7871666666666667
0.7874166666666667
0.7884166666666667
0.79
0.79125
0.7921666666666667
0.7925
0.793
0.79325
0.794
0.7951666666666667
0.7960833333333334
0.7978333333333333
0.7999166666666667
0.7998333333333333
0.8004166666666667
0.8004166666666667
0.801
0.8010833333333334
0.80075
0.8030833333333334
0.8024166666666667
0.80425
0.80575
0.8065833333333333
0.8079166666666666
0.8091666666666667
0.81075
0.8104166666666667
0.8116666666666666
0.8128333333333333
0.8138333333333333
0.8139166666666666
0.8163333333333334
0.8154166666666667
0.8170833333333334
0.8189166666666666
0.819
0.8185833333333333
0.82075
0.8223333333333334
0.8223333333333334
0.8236666666666667
0.8239166666666666
0.8255
0.8263333333333334
0.8278333333333333
0.8270833333333333
0.8290833333333333
0.8305833333333333
0.83125
0.8315833333333333
0.832
0.8343333333333334
0.8358333333333333
0.8371666666666666
0.8365
0.838
0.8389166666666666
0.8405
0.84275
0.8434166666666667
0.8455833333333334
0.8459166666666667
0.8481666666666666
0.8499166666666667
0.8519166666666667
0.85075
0.851
0.8519166666666667
0.853
0.8533333333333334
0.8545833333333334
0.856
0.8588333333333333
0.8596666666666667
0.8615
0.8621666666666666
0.8648333333333333
0.866
0.8670833333333333
0.868
0.8695833333333334
0.8714166666666666
0.8734166666666666
0.8741666666666666
0.8750833333333333
0.87675
0.8785833333333334
0.88025
0.8828333333333334
0.88375
0.88425
0.8858333333333334
0.889
0.8904166666666666
0.8933333333333333
0.895
0.8963333333333333
0.8974166666666666
0.89825
0.8999166666666667
0.9016666666666666
0.9043333333333333
0.9043333333333333
0.90525
0.9073333333333333
0.9090833333333334
0.9108333333333334
0.91225
0.9120833333333334
0.91425
0.9160833333333334
0.9175
0.92025
0.9219166666666667
0.9259166666666667
0.9284166666666667
0.9291666666666667
0.9293333333333333
0.93175
0.9340833333333334
0.9370833333333334
0.9380833333333334
0.9396666666666667
0.9405
0.9431666666666667
0.9456666666666667
0.915
