0.5510833333333334
0.58825
0.6311666666666667
0.6661666666666667
0.6881666666666667
0.7086666666666667
0.7288333333333333
0.7355833333333334
0.74025
0.7501666666666666
0.748
0.7569166666666667
0.7623333333333333
0.7651666666666667
0.7678333333333334
0.7705
0.7758333333333334
0.77725
0.7755
0.77675
0.7785
0.77725
0.776
0.7748333333333334
0.7724166666666666
0.7695833333333333
0.7715833333333333
0.7680833333333333
0.7741666666666667
0.7768333333333334
0.7764166666666666
0.77175
0.7689166666666667
0.7693333333333333
0.76925
0.7665
0.76975
0.7699166666666667
0.7630833333333333
0.762
0.7606666666666667
0.763
0.7633333333333333
0.76175
0.7625
0.7631666666666667
0.7633333333333333
0.7624166666666666
0.7605
0.7581666666666667
0.75675
0.75925
0.7578333333333334
0.7565
0.7575833333333334
0.7586666666666667
0.7588333333333334
0.7580833333333333
0.75575
0.7516666666666667
0.7534166666666666
0.7531666666666667
0.7524166666666666
0.752
0.7528333333333334
0.7529166666666667
0.7531666666666667
0.7504166666666666
0.7475
0.7484166666666666
0.74825
0.7483333333333333
0.74925
0.7449166666666667
0.7430833333333333
0.7435
0.7443333333333333
0.7445
0.7415
0.7400833333333333
0.74
0.73975
0.7368333333333333
0.737
0.73775
0.7388333333333333
0.74025
0.7400833333333333
0.7385833333333334
0.7340833333333333
0.737
0.7368333333333333
0.7326666666666667
0.7356666666666667
0.7350833333333333
0.73475
0.734
0.7340833333333333
0.7338333333333333
0.7323333333333333
0.7316666666666667
0.7300833333333333
0.7301666666666666
0.7275833333333334
0.7294166666666667
0.7295
0.7306666666666667
0.7269166666666667
0.7290833333333333
0.7289166666666667
0.7295833333333334
0.7301666666666666
0.7295833333333334
0.7275833333333334
0.727
0.7265833333333334
0.7239166666666667
0.72275
0.72225
0.72325
0.723
0.7233333333333334
0.7219166666666667
0.7231666666666666
0.7201666666666666
0.7214166666666667
0.7211666666666666
0.7210833333333333
0.72
0.7185833333333334
0.71925
0.7186666666666667
0.7200833333333333
0.7196666666666667
0.7166666666666667
0.7184166666666667
0.7178333333333333
0.71775
0.7209166666666667
0.7213333333333334
0.7201666666666666
0.7186666666666667
0.7185833333333334
0.71675
0.7179166666666666
0.717
0.7185
0.7163333333333334
0.7151666666666666
0.7134166666666667
0.7124166666666667
0.7121666666666666
0.71325
0.712
0.7129166666666666
0.7109166666666666
0.712
0.7120833333333333
0.7105
0.7104166666666667
0.71
0.7095
0.7086666666666667
0.7104166666666667
0.7100833333333333
0.7090833333333333
0.7084166666666667
0.70775
0.7074166666666667
0.7070833333333333
0.7076666666666667
0.7061666666666667
0.7048333333333333
0.7069166666666666
0.70675
0.7066666666666667
0.7045
0.7045
0.7051666666666667
0.705
0.7065
0.7045833333333333
0.7045
0.7048333333333333
0.7044166666666667
0.7039166666666666
0.7034166666666667
0.704
0.7038333333333333
0.7019166666666666
0.7005
0.701
0.7006666666666667
0.7013333333333334
0.70275
0.7034166666666667
0.7023333333333334
0.7018333333333333
0.701
0.7016666666666667
0.7009166666666666
0.7011666666666667
0.70075
0.7008333333333333
0.7023333333333334
0.7019166666666666
0.7005833333333333
0.7014166666666667
0.7013333333333334
0.7019166666666666
0.70225
0.7011666666666667
0.7015
0.702
0.70125
0.7008333333333333
0.7000833333333333
0.70125
0.7023333333333334
0.702
0.7010833333333333
0.7023333333333334
0.7009166666666666
0.7013333333333334
0.7001666666666667
0.7016666666666667
0.7009166666666666
0.70025
0.7014166666666667
0.6995
0.7011666666666667
0.7003333333333334
0.69925
0.699
0.6993333333333334
0.6968333333333333
0.6968333333333333
0.6965833333333333
0.6965833333333333
0.6969166666666666
0.6975
0.6975833333333333
0.6969166666666666
0.6973333333333334
0.6986666666666667
0.6978333333333333
0.6990833333333333
0.6986666666666667
0.6974166666666667
0.6974166666666667
0.69825
0.6973333333333334
0.6968333333333333
0.6951666666666667
0.69625
0.697
0.6979166666666666
0.697
0.698
0.6979166666666666
0.69625
0.69575
0.6949166666666666
0.6945
0.6938333333333333
0.6949166666666666
0.6943333333333334
0.695
0.6945833333333333
0.6941666666666667
0.6939166666666666
0.6935833333333333
0.6953333333333334
0.6959166666666666
0.6945
0.6956666666666667
0.69525
0.69475
0.6955
0.69575
0.6958333333333333
0.6960833333333334
0.6970833333333334
0.6955
0.6955
0.69675
0.6953333333333334
0.6969166666666666
0.6970833333333334
0.6976666666666667
0.6974166666666667
0.69675
0.6965833333333333
0.6976666666666667
0.6969166666666666
0.696
0.6960833333333334
0.6958333333333333
0.6964166666666667
0.6970833333333334
0.69675
0.6973333333333334
0.6975
0.698
0.69775
0.6983333333333334
0.6978333333333333
0.69725
0.6974166666666667
0.6968333333333333
0.6979166666666666
0.6978333333333333
0.6969166666666666
0.6960833333333334
0.6965833333333333
0.6975833333333333
0.6994166666666667
0.6979166666666666
0.6973333333333334
0.6970833333333334
0.6963333333333334
0.6965833333333333
0.6973333333333334
0.6975833333333333
0.6983333333333334
0.6974166666666667
0.6974166666666667
0.6985
0.6985
0.69975
0.6990833333333333
0.6985
0.698
0.698
0.6983333333333334
0.6981666666666667
0.6978333333333333
0.6970833333333334
0.697
0.6963333333333334
0.6965
0.6966666666666667
0.6984166666666667
0.6979166666666666
0.69725
0.6983333333333334
0.6979166666666666
0.698
0.6973333333333334
0.6961666666666667
0.6960833333333334
0.6955
0.6955
0.6964166666666667
0.6961666666666667
0.697
0.6964166666666667
0.6969166666666666
0.6983333333333334
0.6986666666666667
0.6981666666666667
0.6975833333333333
0.6974166666666667
0.69775
0.6971666666666667
0.69675
0.6961666666666667
0.6966666666666667
0.6975833333333333
0.69775
0.6970833333333334
0.6968333333333333
0.6969166666666666
0.6960833333333334
0.697
0.6955833333333333
0.6951666666666667
0.6949166666666666
0.6963333333333334
0.6959166666666666
0.696
0.696
0.6963333333333334
0.6963333333333334
0.69475
0.6950833333333334
0.6964166666666667
0.6953333333333334
0.6958333333333333
0.6960833333333334
0.6959166666666666
0.6960833333333334
0.6953333333333334
0.6944166666666667
0.6955
0.6945
0.6946666666666667
0.6955
0.6951666666666667
0.6954166666666667
0.6949166666666666
0.69475
0.6945
0.6946666666666667
0.6944166666666667
0.6949166666666666
0.6955833333333333
0.6954166666666667
0.6955
0.6958333333333333
0.6966666666666667
0.6965
0.6959166666666666
0.6975833333333333
0.6970833333333334
0.6965
0.6961666666666667
0.698
0.6973333333333334
0.6968333333333333
0.6971666666666667
0.6968333333333333
0.6976666666666667
0.6963333333333334
0.6973333333333334
0.6971666666666667
0.6963333333333334
0.69675
0.6970833333333334
0.6968333333333333
0.6960833333333334
0.6960833333333334
0.6974166666666667
0.69825
0.699
0.6985833333333333
0.6988333333333333
0.69975
0.6995833333333333
0.6994166666666667
0.70125
0.6996666666666667
0.6990833333333333
0.69875
0.6981666666666667
0.69875
0.6986666666666667
0.6986666666666667
0.6985
0.6981666666666667
0.6985833333333333
0.6976666666666667
0.6978333333333333
0.6973333333333334
0.698
0.6983333333333334
0.6984166666666667
0.69875
0.69875
0.6995
0.6985
0.6984166666666667
0.69775
0.698
0.6981666666666667
0.6986666666666667
0.6989166666666666
0.6984166666666667
0.6973333333333334
0.6975833333333333
0.698
0.6986666666666667
0.6974166666666667
0.6985
0.69825
0.6995
0.69925
0.6981666666666667
0.69875
0.6983333333333334
0.6989166666666666
0.6993333333333334
0.6988333333333333
0.6983333333333334
0.6978333333333333
0.6968333333333333
0.6965833333333333
0.6979166666666666
0.6973333333333334
0.6974166666666667
0.6971666666666667
0.69725
0.69625
0.6979166666666666
0.6981666666666667
0.6974166666666667
0.6974166666666667
0.69725
0.6986666666666667
0.6991666666666667
0.6986666666666667
0.6990833333333333
0.6985
0.6986666666666667
0.6974166666666667
0.698
0.6995
0.6989166666666666
0.6989166666666666
0.6990833333333333
0.6998333333333333
0.7005
0.6994166666666667
0.69975
0.7011666666666667
0.6999166666666666
0.6999166666666666
0.7005833333333333
0.6994166666666667
0.6993333333333334
0.69925
0.7003333333333334
0.7
0.7005833333333333
0.7005833333333333
0.7009166666666666
0.70125
0.7003333333333334
0.7000833333333333
0.6988333333333333
0.6993333333333334
0.6995
0.6993333333333334
0.6985833333333333
0.6988333333333333
0.6990833333333333
0.6995833333333333
0.70025
0.7018333333333333
0.7013333333333334
0.7019166666666666
0.7023333333333334
0.7036666666666667
0.7016666666666667
0.702
0.7023333333333334
0.70225
0.7009166666666666
0.7019166666666666
0.7029166666666666
0.7028333333333333
0.7020833333333333
0.7029166666666666
0.70325
0.7046666666666667
0.70425
0.7044166666666667
0.7041666666666667
0.7054166666666667
0.70525
0.7048333333333333
0.7048333333333333
0.7050833333333333
0.7053333333333334
0.7054166666666667
0.7046666666666667
0.7043333333333334
0.7035
0.7035
0.7035
0.7030833333333333
0.7035833333333333
0.7031666666666667
0.7038333333333333
0.7033333333333334
0.7029166666666666
0.7044166666666667
0.7043333333333334
0.70475
0.704
0.7044166666666667
0.7048333333333333
0.7054166666666667
0.70425
0.7045833333333333
0.7045833333333333
0.7050833333333333
0.7051666666666667
0.7051666666666667
0.7056666666666667
0.7058333333333333
0.70575
0.70625
0.7061666666666667
0.7061666666666667
0.70525
0.7059166666666666
0.7055833333333333
0.7054166666666667
0.7065833333333333
0.7069166666666666
0.70675
0.7070833333333333
0.7060833333333333
0.7065
0.7066666666666667
0.7060833333333333
0.70575
0.7056666666666667
0.70425
0.7045
0.7059166666666666
0.7068333333333333
0.7065833333333333
0.7070833333333333
0.7071666666666667
0.7075833333333333
0.7073333333333334
0.7074166666666667
0.7089166666666666
0.70925
0.7098333333333333
0.7085833333333333
0.7095833333333333
0.7089166666666666
0.7094166666666667
0.7084166666666667
0.70875
0.70925
0.7090833333333333
0.7105
0.7094166666666667
0.7091666666666666
0.7105833333333333
0.7095833333333333
0.71
0.7101666666666666
0.7109166666666666
0.71
0.7100833333333333
0.7099166666666666
0.7091666666666666
0.7095
0.709
0.7094166666666667
0.7076666666666667
0.7083333333333334
0.7086666666666667
0.7083333333333334
0.7080833333333333
0.7079166666666666
0.7076666666666667
0.70725
0.7059166666666666
0.7068333333333333
0.7073333333333334
0.7088333333333333
0.7081666666666667
0.7086666666666667
0.7088333333333333
0.7085
0.7084166666666667
0.70875
0.7091666666666666
0.7101666666666666
0.70975
0.7105
0.71075
0.7115833333333333
0.7118333333333333
0.7125
0.7131666666666666
0.713
0.7120833333333333
0.7129166666666666
0.712
0.7119166666666666
0.7116666666666667
0.7125833333333333
0.7125
0.7131666666666666
0.7131666666666666
0.7130833333333333
0.7120833333333333
0.7125
0.71425
0.714
0.7144166666666667
0.7145
0.715
0.7153333333333334
0.71525
0.715
0.7140833333333333
0.7138333333333333
0.7141666666666666
0.71425
0.7148333333333333
0.7145
0.715
0.7145833333333333
0.7148333333333333
0.7164166666666667
0.7160833333333333
0.71675
0.7163333333333334
0.7170833333333333
0.7173333333333334
0.7170833333333333
0.71775
0.71775
0.7178333333333333
0.7198333333333333
0.71975
0.72025
0.7206666666666667
0.7195833333333334
0.7200833333333333
0.7195833333333334
0.72175
0.7215
0.72175
0.7205833333333334
0.7203333333333334
0.7211666666666666
0.721
0.7230833333333333
0.7231666666666666
0.723
0.7219166666666667
0.72275
0.7223333333333334
0.7228333333333333
0.7225833333333334
0.7245833333333334
0.7251666666666666
0.7255833333333334
0.7260833333333333
0.7251666666666666
0.7258333333333333
0.7255
0.7255
0.7253333333333334
0.7254166666666667
0.72675
0.7269166666666667
0.7268333333333333
0.7259166666666667
0.7261666666666666
0.7275833333333334
0.7274166666666667
0.7286666666666667
0.7296666666666667
0.7301666666666666
0.7300833333333333
0.7299166666666667
0.7298333333333333
0.7299166666666667
0.7305
0.73
0.7309166666666667
0.7304166666666667
0.7305833333333334
0.7305833333333334
0.7325833333333334
0.7331666666666666
0.7341666666666666
0.734
0.7344166666666667
0.7343333333333333
0.7353333333333333
0.7350833333333333
0.7348333333333333
0.7363333333333333
0.7354166666666667
0.73575
0.7351666666666666
0.735
0.7355
0.736
0.7373333333333333
0.7376666666666667
0.73925
0.7385833333333334
0.739
0.7390833333333333
0.7400833333333333
0.7403333333333333
0.7398333333333333
0.74125
0.74125
0.7424166666666666
0.742
0.7425833333333334
0.7421666666666666
0.743
0.74225
0.7425
0.7424166666666666
0.7410833333333333
0.7426666666666667
0.743
0.7445833333333334
0.744
0.7449166666666667
0.74425
0.7440833333333333
0.7445833333333334
0.74525
0.7459166666666667
0.7471666666666666
0.747
0.7470833333333333
0.7475833333333334
0.7473333333333333
0.7478333333333333
0.7473333333333333
0.7470833333333333
0.7461666666666666
0.747
0.7466666666666667
0.7469166666666667
0.7470833333333333
0.7491666666666666
0.7495833333333334
0.7498333333333334
0.751
0.7511666666666666
0.7503333333333333
0.7515833333333334
0.75175
0.7520833333333333
0.7519166666666667
0.7528333333333334
0.7538333333333334
0.75325
0.75475
0.7549166666666667
0.7559166666666667
0.7569166666666667
0.75875
0.75825
0.75825
0.7585
0.7576666666666667
0.758
0.7590833333333333
0.7601666666666667
0.761
0.7610833333333333
0.7611666666666667
0.7625833333333333
0.7630833333333333
0.7634166666666666
0.7635
0.7640833333333333
0.7638333333333334
0.7640833333333333
0.766
0.7653333333333333
0.7660833333333333
0.7673333333333333
0.7684166666666666
0.7681666666666667
0.76825
0.7695833333333333
0.7699166666666667
0.7700833333333333
0.7698333333333334
0.7698333333333334
0.7699166666666667
0.7693333333333333
0.7705833333333333
0.7711666666666667
0.7728333333333334
0.7748333333333334
0.7744166666666666
0.775
0.7748333333333334
0.7743333333333333
0.77575
0.77625
0.77725
0.77825
0.7780833333333333
0.7790833333333333
0.7806666666666666
0.7819166666666667
0.7823333333333333
0.7814166666666666
0.7809166666666667
0.7823333333333333
0.7850833333333334
0.7866666666666666
0.787
0.7864166666666667
0.78575
0.7876666666666666
0.78775
0.7891666666666667
0.7893333333333333
0.791
0.7911666666666667
0.7916666666666666
0.79225
0.7931666666666667
0.79175
0.79325
0.79625
0.7963333333333333
0.7991666666666667
0.7994166666666667
0.7998333333333333
0.8000833333333334
0.8010833333333334
0.8013333333333333
0.8005
0.80175
0.8051666666666667
0.80375
0.8055
0.8056666666666666
0.8068333333333333
0.8086666666666666
0.8094166666666667
0.8096666666666666
0.8111666666666667
0.81175
0.8150833333333334
0.81575
0.81675
0.8168333333333333
0.8181666666666667
0.8204166666666667
0.8206666666666667
0.821
0.8226666666666667
0.8243333333333334
0.8254166666666667
0.8264166666666667
0.8269166666666666
0.82825
0.8295833333333333
0.8304166666666667
0.8325
0.83475
0.8356666666666667
0.8364166666666667
0.8380833333333333
0.83725
0.8385833333333333
0.84
0.8406666666666667
0.84075
0.8423333333333334
0.8434166666666667
0.84375
0.8454166666666667
0.8473333333333334
0.8490833333333333
0.8521666666666666
0.85275
0.854
0.8530833333333333
0.8561666666666666
0.8560833333333333
0.8575
0.85875
0.8595
0.8611666666666666
0.8635
0.8646666666666667
0.867
0.8686666666666667
0.86825
0.8708333333333333
0.872
0.8734166666666666
0.8745833333333334
0.8753333333333333
0.8754166666666666
0.8766666666666667
0.8779166666666667
0.879
0.8819166666666667
0.88275
0.8831666666666667
0.8850833333333333
0.8864166666666666
0.8863333333333333
0.8885
0.89025
0.8910833333333333
0.8931666666666667
0.8950833333333333
0.8985833333333333
0.8999166666666667
0.9013333333333333
0.9019166666666667
0.9036666666666666
0.90475
0.9060833333333334
0.9080833333333334
0.9095
0.9105
0.9108333333333334
0.9149166666666667
0.9170833333333334
0.9179166666666667
0.9215833333333333
0.92325
0.9259166666666667
0.9278333333333333
0.9285833333333333
0.9301666666666667
0.9326666666666666
0.9355833333333333
0.9384166666666667
0.93975
0.9405833333333333
0.9430833333333334
0.9454166666666667
0.9479166666666666
0.9135833333333333
