0.6405833333333333
0.8276666666666667
0.8880833333333333
0.9081666666666667
0.9201666666666667
0.9305833333333333
0.93925
0.9423333333333334
0.9465
0.9495
0.9515833333333333
0.95225
0.9543333333333334
0.956
0.9555
0.95575
0.9564166666666667
0.9584166666666667
0.9585
0.9589166666666666
0.9584166666666667
0.9593333333333334
0.95875
0.9580833333333333
0.9588333333333333
0.9585833333333333
0.95925
0.9598333333333333
0.9596666666666667
0.9599166666666666
0.9595
0.9598333333333333
0.9594166666666667
0.9598333333333333
0.96
0.9590833333333333
0.9598333333333333
0.9601666666666666
0.96
0.96
0.9591666666666666
0.9585833333333333
0.9591666666666666
0.9593333333333334
0.9590833333333333
0.9581666666666667
0.9580833333333333
0.9580833333333333
0.9585
0.9585833333333333
0.9584166666666667
0.9586666666666667
0.95775
0.9579166666666666
0.9580833333333333
0.9581666666666667
0.9578333333333333
0.9573333333333334
0.9575833333333333
0.9579166666666666
0.9575
0.9575833333333333
0.957
0.9565
0.9565833333333333
0.9560833333333333
0.9561666666666667
0.9561666666666667
0.9566666666666667
0.9566666666666667
0.9555833333333333
0.9554166666666667
0.9555
0.9553333333333334
0.9550833333333333
0.9544166666666667
0.9545
0.9546666666666667
0.9549166666666666
0.9545833333333333
0.9545833333333333
0.955
0.955
0.95525
0.9549166666666666
0.9544166666666667
0.9544166666666667
0.9541666666666667
0.9546666666666667
0.9545
0.9540833333333333
0.9533333333333334
0.9534166666666667
0.9533333333333334
0.95325
0.9528333333333333
0.9523333333333334
0.9524166666666667
0.95225
0.9525
0.9523333333333334
0.9520833333333333
0.9521666666666667
0.95175
0.9514166666666667
0.95125
0.951
0.9509166666666666
0.95075
0.95075
0.9504166666666667
0.95025
0.9499166666666666
0.9498333333333333
0.9495
0.9498333333333333
0.94975
0.9495
0.94975
0.9496666666666667
0.94925
0.9489166666666666
0.9489166666666666
0.94875
0.9490833333333333
0.949
0.9488333333333333
0.9486666666666667
0.9480833333333333
0.948
0.94775
0.9475833333333333
0.9476666666666667
0.9474166666666667
0.9471666666666667
0.9466666666666667
0.94675
0.94675
0.9464166666666667
0.94675
0.94625
0.9465833333333333
0.9465
0.9464166666666667
0.9465833333333333
0.9463333333333334
0.9459166666666666
0.9459166666666666
0.9456666666666667
0.946
0.9455833333333333
0.9455833333333333
0.9459166666666666
0.9455
0.945
0.9451666666666667
0.9450833333333334
0.9449166666666666
0.9441666666666667
0.9443333333333334
0.9438333333333333
0.9435
0.9435833333333333
0.9438333333333333
0.94325
0.9431666666666667
0.943
0.9428333333333333
0.9428333333333333
0.94275
0.9428333333333333
0.9428333333333333
0.9428333333333333
0.94275
0.94225
0.9420833333333334
0.9419166666666666
0.9419166666666666
0.9415833333333333
0.94175
0.9420833333333334
0.9419166666666666
0.9416666666666667
0.9411666666666667
0.9410833333333334
0.9405
0.9406666666666667
0.94075
0.94075
0.94075
0.9408333333333333
0.9404166666666667
0.9405
0.9403333333333334
0.9403333333333334
0.9404166666666667
0.94
0.9398333333333333
0.9399166666666666
0.94
0.9395833333333333
0.9395
0.9394166666666667
0.9390833333333334
0.9390833333333334
0.9390833333333334
0.9390833333333334
0.939
0.9385833333333333
0.9381666666666667
0.93825
0.9383333333333334
0.9381666666666667
0.938
0.9379166666666666
0.9379166666666666
0.9379166666666666
0.9375
0.9376666666666666
0.93725
0.93675
0.9365833333333333
0.9363333333333334
0.9365
0.9364166666666667
0.9365
0.9363333333333334
0.93625
0.9363333333333334
0.93625
0.936
0.9359166666666666
0.9358333333333333
0.93575
0.93575
0.9355833333333333
0.9353333333333333
0.9351666666666667
0.9353333333333333
0.9350833333333334
0.9354166666666667
0.9354166666666667
0.9353333333333333
0.9348333333333333
0.9353333333333333
0.9348333333333333
0.9345833333333333
0.9345833333333333
0.9345
0.93475
0.9345
0.93425
0.9345
0.93475
0.9344166666666667
0.9345833333333333
0.9345833333333333
0.9344166666666667
0.934
0.9338333333333333
0.9335833333333333
0.9334166666666667
0.9334166666666667
0.9335
0.9330833333333334
0.9329166666666666
0.9331666666666667
0.9331666666666667
0.9329166666666666
0.9326666666666666
0.9326666666666666
0.9324166666666667
0.9324166666666667
0.9323333333333333
0.93225
0.9320833333333334
0.9321666666666667
0.9321666666666667
0.9321666666666667
0.932
0.9316666666666666
0.9316666666666666
0.9315
0.9316666666666666
0.9315
0.9315833333333333
0.931
0.9306666666666666
0.931
0.9305833333333333
0.93075
0.93075
0.9308333333333333
0.9308333333333333
0.9309166666666666
0.9311666666666667
0.9309166666666666
0.93075
0.93075
0.9304166666666667
0.9305833333333333
0.9303333333333333
0.9303333333333333
0.9301666666666667
0.93
0.92975
0.92975
0.9296666666666666
0.92975
0.92975
0.9296666666666666
0.9295833333333333
0.9294166666666667
0.9294166666666667
0.9293333333333333
0.9293333333333333
0.9291666666666667
0.9288333333333333
0.92875
0.9288333333333333
0.9288333333333333
0.9286666666666666
0.92875
0.9284166666666667
0.9285833333333333
0.9283333333333333
0.92825
0.9283333333333333
0.92825
0.9283333333333333
0.9281666666666667
0.928
0.9279166666666666
0.9279166666666666
0.9279166666666666
0.9278333333333333
0.9276666666666666
0.9275
0.9275
0.9273333333333333
0.92725
0.9270833333333334
0.9270833333333334
0.9270833333333334
0.927
0.9269166666666667
0.9268333333333333
0.9268333333333333
0.9266666666666666
0.9266666666666666
0.9266666666666666
0.9268333333333333
0.92675
0.9265833333333333
0.9266666666666666
0.9263333333333333
0.9265
0.9263333333333333
0.926
0.92575
0.92575
0.92575
0.9256666666666666
0.9256666666666666
0.9255833333333333
0.9255
0.9255
0.9253333333333333
0.92525
0.9251666666666667
0.9250833333333334
0.9250833333333334
0.9251666666666667
0.9250833333333334
0.9250833333333334
0.925
0.9250833333333334
0.9248333333333333
0.9249166666666667
0.92475
0.9246666666666666
0.9246666666666666
0.92475
0.92475
0.9248333333333333
0.9246666666666666
0.9246666666666666
0.9245833333333333
0.9245833333333333
0.92475
0.9248333333333333
0.9249166666666667
0.9246666666666666
0.925
0.9249166666666667
0.92475
0.9245
0.9245
0.9245
0.9244166666666667
0.9244166666666667
0.9244166666666667
0.9243333333333333
0.9243333333333333
0.9241666666666667
0.9241666666666667
0.92425
0.924
0.924
0.9239166666666667
0.9239166666666667
0.9239166666666667
0.924
0.9239166666666667
0.92375
0.9239166666666667
0.9239166666666667
0.92375
0.9236666666666666
0.9238333333333333
0.9236666666666666
0.9235833333333333
0.9235833333333333
0.9235
0.9235
0.9234166666666667
0.9234166666666667
0.92325
0.92325
0.9230833333333334
0.9231666666666667
0.9231666666666667
0.923
0.9229166666666667
0.923
0.923
0.9229166666666667
0.9229166666666667
0.9226666666666666
0.9225833333333333
0.9224166666666667
0.9225
0.92225
0.92225
0.92225
0.92225
0.9221666666666667
0.92225
0.9220833333333334
0.9220833333333334
0.922
0.9220833333333334
0.9220833333333334
0.922
0.922
0.9219166666666667
0.9219166666666667
0.9218333333333333
0.9218333333333333
0.9218333333333333
0.92175
0.9218333333333333
0.9219166666666667
0.9219166666666667
0.92175
0.9218333333333333
0.92175
0.92175
0.92175
0.92175
0.92175
0.92175
0.9216666666666666
0.9215833333333333
0.9215833333333333
0.9215833333333333
0.9216666666666666
0.9215833333333333
0.9215833333333333
0.9215833333333333
0.9215833333333333
0.9216666666666666
0.9215
0.9215
0.9215
0.9215
0.9215
0.9215
0.9215
0.9215
0.9215833333333333
0.9215
0.9214166666666667
0.9213333333333333
0.9213333333333333
0.9214166666666667
0.9214166666666667
0.9213333333333333
0.9215
0.9215
0.9214166666666667
0.9215
0.9214166666666667
0.9214166666666667
0.9214166666666667
0.9214166666666667
0.92125
0.92125
0.92125
0.92125
0.9211666666666667
0.921
0.921
0.921
0.921
0.921
0.9208333333333333
0.9208333333333333
0.92075
0.9206666666666666
0.92075
0.92075
0.92075
0.92075
0.9206666666666666
0.92075
0.9206666666666666
0.9206666666666666
0.9206666666666666
0.92075
0.9206666666666666
0.9205
0.9204166666666667
0.9203333333333333
0.9203333333333333
0.9203333333333333
0.9203333333333333
0.9203333333333333
0.92025
0.92025
0.92025
0.92025
0.92025
0.92025
0.92025
0.92025
0.92025
0.92025
0.92025
0.92025
0.92025
0.9201666666666667
0.9200833333333334
0.92
0.92
0.9199166666666667
0.9198333333333333
0.9199166666666667
0.9198333333333333
0.9198333333333333
0.9198333333333333
0.9198333333333333
0.9198333333333333
0.9199166666666667
0.9198333333333333
0.9198333333333333
0.91975
0.9198333333333333
0.9198333333333333
0.9195833333333333
0.9196666666666666
0.9195833333333333
0.9194166666666667
0.9194166666666667
0.9194166666666667
0.9194166666666667
0.9194166666666667
0.9193333333333333
0.9193333333333333
0.9193333333333333
0.9193333333333333
0.9193333333333333
0.9195
0.9193333333333333
0.9193333333333333
0.9193333333333333
0.9193333333333333
0.9193333333333333
0.9193333333333333
0.91925
0.9193333333333333
0.9193333333333333
0.91925
0.91925
0.91925
0.9193333333333333
0.9193333333333333
0.91925
0.91925
0.91925
0.9190833333333334
0.9190833333333334
0.919
0.919
0.919
0.919
0.9190833333333334
0.919
0.919
0.919
0.9190833333333334
0.9189166666666667
0.9189166666666667
0.9189166666666667
0.9188333333333333
0.91875
0.91875
0.91875
0.9185833333333333
0.9185833333333333
0.9185833333333333
0.9185833333333333
0.9185
0.9184166666666667
0.9185
0.9185
0.9184166666666667
0.91825
0.91825
0.9183333333333333
0.91825
0.9181666666666667
0.9181666666666667
0.9181666666666667
0.9180833333333334
0.9180833333333334
0.918
0.9180833333333334
0.9180833333333334
0.9180833333333334
0.9179166666666667
0.9178333333333333
0.91775
0.9178333333333333
0.91775
0.91775
0.91775
0.91775
0.91775
0.9176666666666666
0.9176666666666666
0.9176666666666666
0.9176666666666666
0.9176666666666666
0.9176666666666666
0.9176666666666666
0.9175833333333333
0.9175
0.9174166666666667
0.9175
0.9175833333333333
0.9175833333333333
0.9175
0.9175
0.9174166666666667
0.9174166666666667
0.9175
0.9175
0.9175
0.9175
0.9174166666666667
0.9174166666666667
0.9174166666666667
0.9175
0.9175
0.9175
0.9175
0.9175
0.9174166666666667
0.9175
0.9175
0.9175
0.9174166666666667
0.9175
0.9175
0.9174166666666667
0.9174166666666667
0.9174166666666667
0.9174166666666667
0.9174166666666667
0.9175
0.9175
0.9175
0.9175
0.9175
0.9174166666666667
0.91725
0.9173333333333333
0.91725
0.91725
0.91725
0.91725
0.91725
0.91725
0.91725
0.9171666666666667
0.9171666666666667
0.9171666666666667
0.9171666666666667
0.9171666666666667
0.9170833333333334
0.9170833333333334
0.9170833333333334
0.9170833333333334
0.9170833333333334
0.9170833333333334
0.9170833333333334
0.9170833333333334
0.9170833333333334
0.9170833333333334
0.9170833333333334
0.9170833333333334
0.917
0.9169166666666667
0.9169166666666667
0.9169166666666667
0.9169166666666667
0.9169166666666667
0.9168333333333333
0.9168333333333333
0.9168333333333333
0.91675
0.9168333333333333
0.9168333333333333
0.9168333333333333
0.9168333333333333
0.91675
0.91675
0.9165833333333333
0.9165833333333333
0.9165833333333333
0.9165
0.9165
0.9165
0.9165
0.9165833333333333
0.9165833333333333
0.9165833333333333
0.9165833333333333
0.9165833333333333
0.9165833333333333
0.9164166666666667
0.9164166666666667
0.9164166666666667
0.9164166666666667
0.9164166666666667
0.9164166666666667
0.9164166666666667
0.9164166666666667
0.9164166666666667
0.9164166666666667
0.9165
0.9164166666666667
0.9165
0.9165
0.9165
0.9164166666666667
0.9164166666666667
0.9164166666666667
0.9164166666666667
0.9163333333333333
0.9163333333333333
0.9163333333333333
0.9163333333333333
0.91625
0.91625
0.91625
0.91625
0.91625
0.91625
0.91625
0.91625
0.9161666666666667
0.9161666666666667
0.9161666666666667
0.9161666666666667
0.9161666666666667
0.916
0.916
0.916
0.916
0.916
0.916
0.916
0.9159166666666667
0.9159166666666667
0.9159166666666667
0.9159166666666667
0.9159166666666667
0.9159166666666667
0.9159166666666667
0.9159166666666667
0.9159166666666667
0.9159166666666667
0.9159166666666667
0.9158333333333334
0.9159166666666667
0.9158333333333334
0.9158333333333334
0.9158333333333334
0.9158333333333334
0.9159166666666667
0.9159166666666667
0.91575
0.9158333333333334
0.9158333333333334
0.9158333333333334
0.9158333333333334
0.9158333333333334
0.9158333333333334
0.9158333333333334
0.9158333333333334
0.9158333333333334
0.91575
0.9158333333333334
0.9158333333333334
0.9158333333333334
0.9158333333333334
0.9158333333333334
0.91575
0.91575
0.91575
0.91575
0.91575
0.91575
0.91575
0.91575
0.91575
0.91575
0.91575
0.91575
0.91575
0.91575
0.91575
0.91575
0.91575
0.91575
0.91575
0.91575
0.91575
0.9158333333333334
0.9158333333333334
0.9158333333333334
0.9156666666666666
0.91575
0.9156666666666666
0.9156666666666666
0.9155833333333333
0.9155833333333333
0.9155833333333333
0.9155833333333333
0.9155833333333333
0.9155833333333333
0.9155833333333333
0.9155833333333333
0.9155833333333333
0.9155833333333333
0.9155833333333333
0.9155833333333333
0.9155833333333333
0.9155833333333333
0.9155833333333333
0.9155833333333333
0.9155
0.9155833333333333
0.9155833333333333
0.9155833333333333
0.9155833333333333
0.9155833333333333
0.9155
0.9155
0.9155
0.9155
0.9155
0.9155
0.9155
0.9155
0.9155
0.9154166666666667
0.9154166666666667
0.9154166666666667
0.9154166666666667
0.9155
0.9155
0.9155
0.9155
0.9155
0.9155
0.9155
0.9154166666666667
0.9154166666666667
0.9154166666666667
0.9153333333333333
0.9153333333333333
0.9153333333333333
0.9153333333333333
0.9153333333333333
0.9153333333333333
0.9153333333333333
0.9153333333333333
0.9153333333333333
0.9153333333333333
0.9153333333333333
0.9153333333333333
0.9153333333333333
0.9153333333333333
0.9151666666666667
0.9153333333333333
0.9151666666666667
0.9151666666666667
0.9153333333333333
0.9151666666666667
0.9151666666666667
0.9151666666666667
0.9151666666666667
0.9151666666666667
0.9151666666666667
0.9151666666666667
0.9151666666666667
0.9151666666666667
0.9151666666666667
0.9151666666666667
0.9151666666666667
0.9150833333333334
0.9150833333333334
0.9151666666666667
0.9150833333333334
0.9150833333333334
0.9150833333333334
0.9150833333333334
0.9150833333333334
0.9151666666666667
0.9151666666666667
0.9151666666666667
0.9151666666666667
0.9151666666666667
0.9151666666666667
0.9151666666666667
0.9151666666666667
0.9151666666666667
0.9151666666666667
0.9151666666666667
0.9151666666666667
0.9151666666666667
0.9151666666666667
0.9151666666666667
0.9151666666666667
0.9151666666666667
0.9151666666666667
0.9151666666666667
0.9151666666666667
0.9151666666666667
0.9151666666666667
0.9151666666666667
0.9151666666666667
0.9151666666666667
0.9151666666666667
0.9151666666666667
0.9151666666666667
0.9150833333333334
0.9150833333333334
0.9150833333333334
0.9150833333333334
0.9150833333333334
0.9150833333333334
0.9150833333333334
0.9150833333333334
0.9150833333333334
0.9150833333333334
0.9150833333333334
0.9150833333333334
0.9150833333333334
0.9150833333333334
0.915
0.915
0.915
0.915
0.915
0.915
0.915
0.915
0.915
0.915
0.915
0.915
0.915
0.915
0.915
0.9149166666666667
0.9149166666666667
0.915
0.9149166666666667
0.9149166666666667
0.9149166666666667
0.9149166666666667
0.9149166666666667
0.9149166666666667
0.9149166666666667
0.9149166666666667
0.9149166666666667
0.9149166666666667
0.9149166666666667
0.9149166666666667
0.9149166666666667
0.915
0.9149166666666667
0.9149166666666667
0.9149166666666667
0.915
0.915
0.915
0.915
0.915
0.915
